-0.142477796076938,0.0
-0.142477796076938,0.0
-0.142477796076938,0.0
-0.142477796076938,0.0
-0.142477796076938,0.0
-0.142477796076938,0.0
-0.142477796076938,0.0
-0.142477796076938,0.0
-0.142477796076938,0.0
-0.142477796076938,0.0
-0.142477796076938,0.0
-0.142477796076938,0.0
-0.142477796076938,0.0
-0.142477796076938,0.0
-0.142477796076938,0.0
-0.142477796076938,0.0
-0.142477796076938,0.0
0.0,0.0
-0.2,-0.49884846871854
0.0,-0.49884846871854
0.0,-0.49884846871854
0.0,-0.49884846871854
0.0,-0.49884846871854
0.0,-0.49884846871854
0.0,-0.49884846871854
0.0,-0.49884846871854
0.0,-0.49884846871854
0.0,-0.49884846871854
0.0,0.0
0.0,0.0
0.1988648641318154,0.
0.1988648641318154,0.0
0.1988648641318154,0.0
0.1988648641318154,0.0
0.1988648641318154,0.0
0.1988648641318154,0.5
0.1988648641318154,0.5
0.1988648641318154,0.5
0.1988648641318154,0.5
0.1988648641318154,0.5
0.1988648641318154,0.0
0.1988648641318154,0.0
0.1988648641318154,0.0
0.1988648641318154,0.0
0.142477796076938,0.39878964138138548
0.142477796076938,0.39878964138138548
0.142477796076938,0.39878964138138548
0.142477796076938,0.39878964138138548
0.102477796076938,0.39878964138138548
0.102477796076938,0.39878964138138548
0.102477796076938,0.0
0.102477796076938,0.0
0.0,0.0
0.0,0.0
0.10367255756846318,0.0
0.10367255756846318,0.0
0.10367255756846318,0.0
0.10367255756846318,0.0
0.10367255756846318,0.0
0.10367255756846318,0.0
0.10367255756846318,0.0
0.10367255756846318,0.0
0.10367255756846318,0.0
0.10367255756846318,0.0
0.10367255756846318,0.0
0.10367255756846318,0.0
0.10367255756846318,0.0
0.10367255756846318,0.0
0.10367255756846318,-0.39878964138138548
0.10367255756846318,-0.39878964138138548
0.10367255756846318,-0.39878964138138548
0.10367255756846318,-0.39878964138138548
0.10367255756846318,-0.39878964138138548
0.10367255756846318,-0.39878964138138548
0.10367255756846318,-0.39878964138138548
0.10367255756846318,-0.39878964138138548
0.10367255756846318,0.52141835483413101
0.10367255756846318,0.52141835483413101
0.10367255756846318,0.52141835483413101
0.10367255756846318,0.52141835483413101
0.10367255756846318,-0.3468786341384182
0.10367255756846318,-0.3468786341384182
0.10367255756846318,-0.3468786341384182
0.10367255756846318,-0.3468786341384182
0.10367255756846318,0.52141835483413101
0.10367255756846318,0.52141835483413101
0.10367255756846318,0.52141835483413101
0.10367255756846318,0.52141835483413101
0.10367255756846318,-0.39878964138138548
0.10367255756846318,-0.39878964138138548
0.10367255756846318,-0.39878964138138548
0.10367255756846318,0.52141835483413101
0.10367255756846318,0.52141835483413101
0.10367255756846318,0.52141835483413101
0.10367255756846318,0.52141835483413101
0.10367255756846318,-0.3468786341384182
0.10367255756846318,-0.3468786341384182
0.10367255756846318,-0.3468786341384182
0.10367255756846318,-0.3468786341384182
0.10367255756846318,0.52141835483413101
0.10367255756846318,0.52141835483413101
0.10367255756846318,0.52141835483413101
0.10367255756846318,0.52141835483413101
0.10367255756846318,-0.39878964138138548
0.10367255756846318,-0.39878964138138548
0.10367255756846318,-0.39878964138138548
0.10367255756846318,-0.39878964138138548
0.10367255756846318,0.52141835483413101
0.10367255756846318,0.52141835483413101
0.10367255756846318,0.52141835483413101
0.10367255756846318,0.52141835483413101
0.10367255756846318,-0.39878964138138548
0.10367255756846318,-0.3468786341384182
0.10367255756846318,-0.3468786341384182
0.10367255756846318,-0.3468786341384182
0.10367255756846318,0.52141835483413101
0.10367255756846318,0.52141835483413101
0.10367255756846318,0.52141835483413101
0.10367255756846318,0.52141835483413101
0.10367255756846318,-0.39878964138138548
0.10367255756846318,-0.39878964138138548
0.10367255756846318,-0.39878964138138548
0.10367255756846318,0.52141835483413101
0.10367255756846318,0.52141835483413101
0.10367255756846318,0.52141835483413101
0.10367255756846318,0.52141835483413101
0.0367255756846318,-0.52141835483413101
0.0367255756846318,-0.52141835483413101
0.10367255756846318,-0.39878964138138548
0.10367255756846318,-0.39878964138138548
0.10367255756846318,-0.39878964138138548
0.10367255756846318,-0.39878964138138548
0.0367255756846318,-0.3468786341384182
0.0367255756846318,-0.3468786341384182
0.0367255756846318,0.52141835483413101
0.10367255756846318,-0.3468786341384182
0.10367255756846318,-0.3468786341384182
0.10367255756846318,-0.3468786341384182
0.10367255756846318,0.0
0.10367255756846318,0.0
0.10367255756846318,0.0
0.10367255756846318,0.0
0.10367255756846318,0.0
0.10367255756846318,0.0
0.10367255756846318,0.0
0.10367255756846318,0.0
0.10367255756846318,0.0
0.10367255756846318,0.0
0.10367255756846318,0.0
0.10367255756846318,0.0
0.10367255756846318,0.0
0.10367255756846318,0.0
0.10367255756846318,0.0
0.10367255756846318,0.0
0.10367255756846318,0.0
0.10367255756846318,0.0
0.10367255756846318,0.0
0.10367255756846318,0.0
0.10367255756846318,0.0
0.10367255756846318,0.0
0.10367255756846318,0.0
0.10367255756846318,0.0
0.10367255756846318,0.0
0.10367255756846318,0.0
0.10367255756846318,0.0
0.10367255756846318,0.0
0.10367255756846318,0.0
0.10367255756846318,0.0
0.0,0.0
0.0,0.0
